 y = (28.71 \pm 0.01) + (-0.00046 \pm 0.00003)  x
 y = (27.96 \pm 0.01) + (-0.00103 \pm 0.00007)  x
 y = (30.04 \pm 0.03) + (-0.0015 \pm 0.0001)  x
 y = (28.96 \pm 0.02) + (-0.0015 \pm 0.0001)  x
